metrics:
  accuracy: 0.661
  f1_score: 0.6541940130047381
  precision: 0.6503121468926554
  recall: 0.661
  roc_auc: 0.6801641385404255
mlflow_run_id: 6af67f44c84c4e96ae982c6d401ddc64
model_name: random_forest
model_path: models\best_model.pkl
